147223
148412
175560
199466
206027
206028
206038
206039
210561
210562
210572
216852
216853
216856
221312
221313
221752
222986
222987
226136
229276
229277
229284
229285
236257
236258
236260
236261
242013
242434
242436
242438
242443
243721
244337
244410
244411
244414
245140
245143
245352
245376
245855
246274
247281
247282
247646
247654
247656
247658
247671
247673
251879
256124
256125
256136
256138
256140
256141
256275
257320
263544
264421
265526
265528
265544
277324
277325
277326
277335
277336
278804
278819
282401
283388
283389
283396
283397
283401
285860
454484
476451
476452
478258
478273
478275
478335
478336
478756
478758
489369
493973
493974
493975
493976
496914
496927
501256
501257
501263
501264
501266
512801
512809
512813
512815
512820
512821
512822
512834
517210
524394
528038
528039
528040
528771
532841
532845
532848
532849
532853
534087
536225
538775
538787
538807
541017
543843
543844
543845
543846
543852
544170
552997
552998
552999
553031
557331
557340
557345
557350
557352
557354
560625
565602
565603
565604
565606
565629
565630
565632
575198
593294
593324
593355
594491
600518
609597
610929
610930
610931
610934
610935
610953
622770
623628
624675
624676
624679
624681
624683
624684
625670
630431
630434
630686
630687
630688
630689
630696
630699
641794
644279
644282
644298
644300
644351
644352
644354
644362
646039
648394
648415
649407
649413
649416
649417
649420
649421
649492
654135
654136
654137
654144
654145
654160
654213
656997
668632
672394
672396
672398
672401
672403
672404
672412
679564
684444
684446
684448
684450
684452
684456

